Chosen test type: t-test
Permutations used: 199980
Covariables used: Selected test does not allow additional covariables
Class labels: Click_here

       Gene Name  Row number unadj.p   FDR_indep Obs_stat  abs(Obs_stat)
1      >Mm.235081 681        0.9994149 0.9994149 0.000791  0.000791
2      >Mm.231400 443        0.9974098 0.998849  0.003499  0.003499
3      >Mm.273584 474        0.989994  0.9962755 0.012633  0.012633
4      >Mm.271891 298        0.9928443 0.9962755 0.009139  0.009139
5      >Mm.10661  149        0.9929093 0.9962755 -0.008556 0.008556
6      >Mm.38450  675        0.9934044 0.9962755 -0.008338 0.008338
7      >Mm.193539 219        0.9801481 0.9944109 0.029025  0.029025
8      >Mm.251003 121        0.9846485 0.9944109 -0.027669 0.027669
9      >Mm.29061  651        0.9816833 0.9944109 -0.024488 0.024488
10     >Mm.12815  180        0.9813082 0.9944109 0.022114  0.022114
11     >Mm.290482 289        0.9858137 0.9944109 0.02163   0.02163
12     >Mm.31486  427        0.9840085 0.9944109 -0.021338 0.021338
13     >Mm.340083 30         0.9420545 0.9943818 0.075608  0.075608
14     >Mm.352104 352        0.9483801 0.9943818 -0.074891 0.074891
15     >Mm.238038 527        0.9436496 0.9943818 -0.072257 0.072257
16     >Mm.274243 367        0.9479001 0.9943818 -0.067228 0.067228
17     >Mm.181430 492        0.9488451 0.9943818 0.065883  0.065883
18     >Mm.3118   107        0.9487051 0.9943818 -0.065453 0.065453
19     >Mm.331088 562        0.9531255 0.9943818 -0.062749 0.062749
20     >Mm.364865 662        0.9745426 0.9943818 0.062516  0.062516
21     >Mm.10504  414        0.9555358 0.9943818 -0.056995 0.056995
22     >Mm.20190  479        0.9573159 0.9943818 0.053822  0.053822
23     >Mm.245746 259        0.9635615 0.9943818 -0.053504 0.053504
24     >Mm.30239  572        0.9613013 0.9943818 0.050755  0.050755
25     >Mm.301527 214        0.9645616 0.9943818 0.047436  0.047436
26     >Mm.285294 637        0.9644666 0.9943818 -0.04658  0.04658
27     >Mm.486    337        0.9670469 0.9943818 0.044105  0.044105
28     >Mm.334706 609        0.9666718 0.9943818 -0.042359 0.042359
29     >Mm.87773  115        0.9675169 0.9943818 -0.041246 0.041246
30     >Mm.239865 245        0.968947  0.9943818 -0.040534 0.040534
31     >Mm.18210  611        0.9716673 0.9943818 -0.040529 0.040529
32     >Mm.28405  190        0.9723224 0.9943818 -0.040359 0.040359
33     >Mm.58507  488        0.968447  0.9943818 0.039697  0.039697
34     >Mm.333237 635        0.9756527 0.9943818 -0.038266 0.038266
35     >Mm.272712 586        0.9710122 0.9943818 0.036558  0.036558
36     >Mm.28484  172        0.9732075 0.9943818 -0.033241 0.033241
37     >Mm.276405 232        0.9767278 0.9943818 0.030245  0.030245
38     >Mm.181824 75         0.9767628 0.9943818 -0.030052 0.030052
39     >Mm.233117 88         0.9767428 0.9943818 0.029689  0.029689
40     >Mm.331313 198        0.9771878 0.9943818 -0.02933  0.02933
41     >Mm.249479 90         0.936604  0.9938886 0.094598  0.094598
42     >Mm.159956 548        0.8965202 0.9936994 0.197762  0.197762
43     >Mm.24281  610        0.8828389 0.9936994 -0.190884 0.190884
44     >Mm.318753 207        0.89433   0.9936994 0.172227  0.172227
45     >Mm.250631 212        0.8812987 0.9936994 -0.159937 0.159937
46     >Mm.27270  45         0.8856191 0.9936994 0.151608  0.151608
47     >Mm.28196  364        0.8833489 0.9936994 -0.151347 0.151347
48     >Mm.255045 634        0.8885544 0.9936994 0.147135  0.147135
49     >Mm.29027  227        0.8905496 0.9936994 -0.139586 0.139586
50     >Mm.2567   388        0.8927048 0.9936994 0.136652  0.136652
51     >Mm.7236   409        0.8917197 0.9936994 -0.136328 0.136328
52     >Mm.292530 66         0.8964902 0.9936994 0.130135  0.130135
53     >Mm.294885 145        0.9032858 0.9936994 0.123775  0.123775
54     >Mm.251013 615        0.9116466 0.9936994 0.122591  0.122591
55     >Mm.279361 249        0.9032408 0.9936994 -0.121988 0.121988
56     >Mm.1262   664        0.9150269 0.9936994 -0.114426 0.114426
57     >Mm.236123 162        0.9109965 0.9936994 -0.113891 0.113891
58     >Mm.7919   435        0.9099964 0.9936994 -0.113059 0.113059
59     >Mm.3122   382        0.9121967 0.9936994 0.112674  0.112674
60     >Mm.181959 687        0.915777  0.9936994 0.108441  0.108441
61     >Mm.229141 26         0.9145369 0.9936994 0.108284  0.108284
62     >Mm.25988  381        0.9150069 0.9936994 -0.107605 0.107605
63     >Mm.2180   347        0.916182  0.9936994 -0.106617 0.106617
64     >Mm.343864 177        0.9175022 0.9936994 0.105421  0.105421
65     >Mm.149071 533        0.916142  0.9936994 -0.105329 0.105329
66     >Mm.22547  528        0.9177622 0.9936994 0.105003  0.105003
67     >Mm.304346 496        0.9166371 0.9936994 0.104432  0.104432
68     >Mm.2769   132        0.9184223 0.9936994 -0.101196 0.101196
69     >Mm.254839 299        0.9213125 0.9936994 0.099724  0.099724
70     >Mm.180750 236        0.9232027 0.9936994 0.097764  0.097764
71     >Mm.360596 374        0.9249179 0.9936994 -0.095177 0.095177
72     >Mm.46089  550        0.9242828 0.9936994 0.094962  0.094962
73     >Mm.4505   312        0.9247328 0.9936994 -0.09392  0.09392
74     >Mm.277864 596        0.9323786 0.9936994 0.093868  0.093868
75     >Mm.286598 378        0.9284032 0.9936994 0.090659  0.090659
76     >Mm.259078 233        0.9287232 0.9936994 0.090139  0.090139
77     >Mm.267377 153        0.9283182 0.9936994 -0.090058 0.090058
78     >Mm.249661 460        0.9311585 0.9936994 -0.088457 0.088457
79     >Mm.4580   485        0.9349938 0.9936994 0.085063  0.085063
80     >Mm.134072 463        0.9332137 0.9936994 0.084979  0.084979
81     >Mm.15675  598        0.9348138 0.9936994 0.083227  0.083227
82     >Mm.247073 120        0.8775834 0.9935446 -0.169973 0.169973
83     >Mm.210447 561        0.8675624 0.9935446 -0.167911 0.167911
84     >Mm.31948  371        0.8763883 0.9935446 -0.166895 0.166895
85     >Mm.41656  622        0.8757132 0.9935446 -0.166569 0.166569
86     >Mm.41513  340        0.8773583 0.9935446 -0.160165 0.160165
87     >Mm.269815 386        0.8748981 0.9935446 -0.159719 0.159719
88     >Mm.3990   436        0.8763132 0.9935446 -0.158868 0.158868
89     >Mm.30156  534        0.8748631 0.9935446 -0.157806 0.157806
90     >Mm.29845  117        0.8610618 0.9924627 -0.238053 0.238053
91     >Mm.246688 437        0.8504158 0.9924627 -0.223388 0.223388
92     >Mm.214016 470        0.8516209 0.9924627 -0.21877  0.21877
93     >Mm.10530  161        0.8459754 0.9924627 -0.198486 0.198486
94     >Mm.717    553        0.8567564 0.9924627 -0.197107 0.197107
95     >Mm.287982 594        0.8532711 0.9924627 0.193867  0.193867
96     >Mm.4219   335        0.8480706 0.9924627 -0.193147 0.193147
97     >Mm.41077  449        0.8512759 0.9924627 -0.19186  0.19186
98     >Mm.1840   266        0.8584866 0.9924627 0.189605  0.189605
99     >Mm.239605 290        0.8546112 0.9924627 -0.183822 0.183822
100    >Mm.347613 59         0.8618869 0.9924627 -0.183184 0.183184
101    >Mm.4406   318        0.8617369 0.9924627 0.177248  0.177248
102    >Mm.240108 619        0.863357  0.9924627 -0.176605 0.176605
103    >Mm.34951  9          0.8651872 0.9924627 -0.172758 0.172758
104    >Mm.281379 166        0.8650122 0.9924627 -0.168709 0.168709
105    >Mm.295252 685        0.8400398 0.991232  -0.220599 0.220599
106    >Mm.6645   497        0.8395198 0.991232  0.203455  0.203455
107    >Mm.293931 261        0.8426901 0.991232  -0.200993 0.200993
108    >Mm.195461 683        0.8426601 0.991232  0.200288  0.200288
109    >Mm.376703 246        0.8358444 0.9898908 0.206589  0.206589
110    >Mm.30059  155        0.8299438 0.9884982 -0.239177 0.239177
111    >Mm.29742  183        0.8194328 0.9884982 0.233573  0.233573
112    >Mm.30041  21         0.8275936 0.9884982 0.233533  0.233533
113    >Mm.255075 291        0.8307289 0.9884982 -0.232251 0.232251
114    >Mm.3217   287        0.8273236 0.9884982 -0.227289 0.227289
115    >Mm.196666 691        0.821533  0.9884982 -0.227193 0.227193
116    >Mm.143763 566        0.8332442 0.9884982 0.225835  0.225835
117    >Mm.272206 663        0.8242033 0.9884982 0.225798  0.225798
118    >Mm.153372 531        0.8282937 0.9884982 -0.222499 0.222499
119    >Mm.332667 605        0.8277636 0.9884982 0.220678  0.220678
120    >Mm.314056 77         0.8280237 0.9884982 -0.219732 0.219732
121    >Mm.286375 372        0.8330041 0.9884982 -0.210829 0.210829
122    >Mm.273350 224        0.7779239 0.9858765 -0.529939 0.529939
123    >Mm.247764 376        0.7984659 0.9858765 -0.331536 0.331536
124    >Mm.44876  669        0.7723284 0.9858765 0.293095  0.293095
125    >Mm.311337 515        0.7757437 0.9858765 -0.288849 0.288849
126    >Mm.292539 495        0.7749086 0.9858765 0.288847  0.288847
127    >Mm.289915 37         0.7745436 0.9858765 -0.287935 0.287935
128    >Mm.261842 466        0.7918002 0.9858765 0.286404  0.286404
129    >Mm.296240 255        0.7840095 0.9858765 -0.284299 0.284299
130    >Mm.130362 526        0.7840845 0.9858765 -0.279214 0.279214
131    >Mm.287807 264        0.7923353 0.9858765 0.273986  0.273986
132    >Mm.290410 40         0.7870548 0.9858765 0.273252  0.273252
133    >Mm.28357  136        0.8005661 0.9858765 0.271098  0.271098
134    >Mm.27660  616        0.7898    0.9858765 -0.270724 0.270724
135    >Mm.28764  493        0.7949355 0.9858765 0.264963  0.264963
136    >Mm.6698   14         0.7968657 0.9858765 -0.262361 0.262361
137    >Mm.234266 660        0.8025812 0.9858765 -0.262033 0.262033
138    >Mm.29816  140        0.7941704 0.9858765 0.261583  0.261583
139    >Mm.289662 396        0.7988909 0.9858765 0.259905  0.259905
140    >Mm.14501  557        0.8062316 0.9858765 -0.25881  0.25881
141    >Mm.333375 658        0.8054115 0.9858765 0.25739   0.25739
142    >Mm.3072   275        0.7983508 0.9858765 -0.257123 0.257123
143    >Mm.1597   357        0.8019112 0.9858765 0.256877  0.256877
144    >Mm.307620 546        0.8015511 0.9858765 -0.252912 0.252912
145    >Mm.355034 389        0.8040564 0.9858765 -0.252832 0.252832
146    >Mm.22147  511        0.8009461 0.9858765 0.252162  0.252162
147    >Mm.315909 152        0.8046464 0.9858765 -0.250955 0.250955
148    >Mm.29978  430        0.8076167 0.9858765 -0.247455 0.247455
149    >Mm.294138 80         0.8117421 0.9858765 0.247435  0.247435
150    >Mm.2870   380        0.8135623 0.9858765 -0.247113 0.247113
151    >Mm.275654 530        0.8096319 0.9858765 0.244097  0.244097
152    >Mm.1791   87         0.8120921 0.9858765 -0.241179 0.241179
153    >Mm.306163 538        0.8139873 0.9858765 0.236078  0.236078
154    >Mm.6483   174        0.7652927 0.9846435 0.393736  0.393736
155    >Mm.8392   545        0.7672279 0.9846435 -0.371196 0.371196
156    >Mm.1167   119        0.7671179 0.9846435 -0.346698 0.346698
157    >Mm.214514 328        0.7675679 0.9846435 -0.319178 0.319178
158    >Mm.29489  339        0.7560168 0.9777282 -0.326875 0.326875
159    >Mm.2379   484        0.7565419 0.9777282 0.313665  0.313665
160    >Mm.121265 13         0.7508613 0.9740145 -0.321039 0.321039
161    >Mm.119    418        0.7424205 0.9690928 0.366861  0.366861
162    >Mm.233151 93         0.7412154 0.9690928 -0.353705 0.353705
163    >Mm.258    176        0.7405954 0.9690928 0.352297  0.352297
164    >Mm.271620 24         0.7448908 0.9690928 0.340347  0.340347
165    >Mm.6803   597        0.7379301 0.9690928 -0.339622 0.339622
166    >Mm.367505 184        0.7428256 0.9690928 -0.331737 0.331737
167    >Mm.30090  689        0.7437507 0.9690928 0.329869  0.329869
168    >Mm.247788 186        0.7456708 0.9690928 -0.327487 0.327487
169    >Mm.3963   612        0.7327246 0.9670344 0.425138  0.425138
170    >Mm.185453 101        0.7305844 0.9670344 -0.361191 0.361191
171    >Mm.271709 269        0.7322846 0.9670344 0.352881  0.352881
172    >Mm.29581  169        0.7329396 0.9670344 0.351301  0.351301
173    >Mm.46397  645        0.7137878 0.9659018 0.375409  0.375409
174    >Mm.246440 419        0.7189483 0.9659018 0.37252   0.37252
175    >Mm.221992 405        0.7152279 0.9659018 0.370815  0.370815
176    >Mm.311696 375        0.7171481 0.9659018 0.369566  0.369566
177    >Mm.29842  154        0.7175282 0.9659018 -0.367585 0.367585
178    >Mm.244512 503        0.7238738 0.9659018 0.366388  0.366388
179    >Mm.28265  457        0.7257239 0.9659018 -0.364834 0.364834
180    >Mm.4860   505        0.7226036 0.9659018 -0.360226 0.360226
181    >Mm.285454 426        0.7242638 0.9659018 0.359194  0.359194
182    >Mm.308525 518        0.7223136 0.9659018 0.358502  0.358502
183    >Mm.148155 483        0.7254439 0.9659018 0.357171  0.357171
184    >Mm.340248 618        0.7243238 0.9659018 -0.356446 0.356446
185    >Mm.1845   359        0.726514  0.9659018 0.354487  0.354487
186    >Mm.143738 164        0.705027  0.9656039 -0.465098 0.465098
187    >Mm.43745  36         0.705637  0.9656039 0.413872  0.413872
188    >Mm.2372   72         0.7082023 0.9656039 0.410307  0.410307
189    >Mm.25539  558        0.705457  0.9656039 0.400211  0.400211
190    >Mm.14455  106        0.7076672 0.9656039 -0.37281  0.37281
191    >Mm.272414 415        0.6989314 0.9624174 -0.392008 0.392008
192    >Mm.6065   95         0.6958511 0.9604465 0.417079  0.417079
193    >Mm.4425   170        0.6940109 0.9604465 -0.404993 0.404993
194    >Mm.238973 570        0.6961161 0.9604465 -0.394832 0.394832
195    >Mm.180052 400        0.695101  0.9604465 0.393067  0.393067
196    >Mm.270358 432        0.6878353 0.9567748 -0.832351 0.832351
197    >Mm.35650  441        0.6879404 0.9567748 0.405541  0.405541
198    >Mm.248827 11         0.6849401 0.9564354 -0.414658 0.414658
199    >Mm.24615  294        0.6822448 0.9545925 -0.47564  0.47564
200    >Mm.259884 575        0.6812597 0.9545925 -0.412808 0.412808
201    >Mm.274232 475        0.6546922 0.9540245 -0.504795 0.504795
202    >Mm.153911 160        0.6756742 0.9540245 -0.490844 0.490844
203    >Mm.18517  94         0.6569674 0.9540245 -0.482311 0.482311
204    >Mm.318331 29         0.6450663 0.9540245 0.474566  0.474566
205    >Mm.15701  105        0.6509168 0.9540245 -0.473993 0.473993
206    >Mm.239196 349        0.6621029 0.9540245 0.470262  0.470262
207    >Mm.284252 556        0.652652  0.9540245 -0.466718 0.466718
208    >Mm.176695 228        0.6543972 0.9540245 -0.465053 0.465053
209    >Mm.46360  242        0.6478665 0.9540245 0.463152  0.463152
210    >Mm.897    631        0.6553423 0.9540245 0.461032  0.461032
211    >Mm.28209  304        0.6722039 0.9540245 0.459494  0.459494
212    >Mm.29274  252        0.6515969 0.9540245 0.456514  0.456514
213    >Mm.248647 406        0.6708987 0.9540245 0.456133  0.456133
214    >Mm.250919 133        0.663368  0.9540245 -0.449851 0.449851
215    >Mm.689    555        0.6620329 0.9540245 -0.445382 0.445382
216    >Mm.219461 584        0.6595377 0.9540245 0.444627  0.444627
217    >Mm.40     507        0.6650132 0.9540245 -0.443696 0.443696
218    >Mm.4668   150        0.6587876 0.9540245 -0.443647 0.443647
219    >Mm.25298  54         0.6682385 0.9540245 0.438178  0.438178
220    >Mm.250738 444        0.6662083 0.9540245 0.438137  0.438137
221    >Mm.661    134        0.6653032 0.9540245 -0.43688  0.43688
222    >Mm.365961 404        0.6721239 0.9540245 -0.433141 0.433141
223    >Mm.272998 365        0.6765743 0.9540245 0.428602  0.428602
224    >Mm.159965 39         0.674059  0.9540245 -0.428479 0.428479
225    >Mm.90003  521        0.673164  0.9540245 0.428355  0.428355
226    >Mm.2552   317        0.6776794 0.9540245 -0.425863 0.425863
227    >Mm.171335 15         0.6770043 0.9540245 -0.424626 0.424626
228    >Mm.255487 407        0.6781894 0.9540245 0.418979  0.418979
229    >Mm.290207 303        0.6790895 0.9540245 -0.417051 0.417051
230    >Mm.16781  330        0.6382806 0.9526167 -0.497158 0.497158
231    >Mm.361980 142        0.6363855 0.9526167 -0.490227 0.490227
232    >Mm.141197 68         0.6368055 0.9526167 -0.476716 0.476716
233    >Mm.3304   222        0.6378606 0.9526167 0.471539  0.471539
234    >Mm.278458 185        0.5429466 0.950908  0.737281  0.737281
235    >Mm.1815   445        0.5463969 0.950908  -0.733134 0.733134
236    >Mm.40068  157        0.5193443 0.950908  -0.692499 0.692499
237    >Mm.273671 413        0.516304  0.950908  0.691557  0.691557
238    >Mm.208286 51         0.5357759 0.950908  -0.669932 0.669932
239    >Mm.5126   595        0.5152189 0.950908  -0.661844 0.661844
240    >Mm.252391 274        0.5173792 0.950908  0.655698  0.655698
241    >Mm.278357 654        0.6197339 0.950908  -0.652212 0.652212
242    >Mm.318841 235        0.5404863 0.950908  0.65118   0.65118
243    >Mm.142095 156        0.6238143 0.950908  -0.648088 0.648088
244    >Mm.248907 341        0.5289703 0.950908  0.642702  0.642702
245    >Mm.69751  519        0.5246098 0.950908  0.642032  0.642032
246    >Mm.289707 422        0.5253149 0.950908  0.639744  0.639744
247    >Mm.256480 567        0.5262    0.950908  0.637672  0.637672
248    >Mm.56337  692        0.5375511 0.950908  0.636355  0.636355
249    >Mm.29584  129        0.6164736 0.950908  -0.636354 0.636354
250    >Mm.330160 202        0.5343908 0.950908  0.636082  0.636082
251    >Mm.24680  234        0.5286302 0.950908  0.63353   0.63353
252    >Mm.33240  286        0.5322206 0.950908  0.627048  0.627048
253    >Mm.293980 35         0.5410764 0.950908  -0.619239 0.619239
254    >Mm.38888  478        0.5460369 0.950908  0.617901  0.617901
255    >Mm.249161 55         0.5456968 0.950908  -0.617699 0.617699
256    >Mm.27183  502        0.5448268 0.950908  0.617175  0.617175
257    >Mm.243234 85         0.5458369 0.950908  -0.616884 0.616884
258    >Mm.29870  151        0.5508073 0.950908  0.61654   0.61654
259    >Mm.289747 501        0.5482771 0.950908  0.611602  0.611602
260    >Mm.20912  666        0.6153685 0.950908  0.604721  0.604721
261    >Mm.2760   350        0.5569529 0.950908  0.603922  0.603922
262    >Mm.29193  354        0.5658488 0.950908  0.603552  0.603552
263    >Mm.10205  602        0.5537276 0.950908  0.600782  0.600782
264    >Mm.117365 260        0.568869  0.950908  -0.60049  0.60049
265    >Mm.244912 116        0.5612083 0.950908  0.599742  0.599742
266    >Mm.246996 621        0.5533526 0.950908  -0.599486 0.599486
267    >Mm.286069 469        0.5646136 0.950908  0.597936  0.597936
268    >Mm.290105 229        0.5761897 0.950908  -0.597659 0.597659
269    >Mm.28833  43         0.6205039 0.950908  0.596736  0.596736
270    >Mm.283604 351        0.5630285 0.950908  0.596129  0.596129
271    >Mm.22584  447        0.5524275 0.950908  0.594685  0.594685
272    >Mm.83526  623        0.5584331 0.950908  0.589015  0.589015
273    >Mm.286457 585        0.5634985 0.950908  0.588136  0.588136
274    >Mm.1056   481        0.5731645 0.950908  0.587907  0.587907
275    >Mm.276271 693        0.6237743 0.950908  0.587591  0.587591
276    >Mm.290960 593        0.6098329 0.950908  -0.585544 0.585544
277    >Mm.5021   67         0.5720993 0.950908  -0.583802 0.583802
278    >Mm.44244  471        0.5822153 0.950908  -0.580058 0.580058
279    >Mm.6743   332        0.5851306 0.950908  0.579964  0.579964
280    >Mm.8154   126        0.5911462 0.950908  -0.576396 0.576396
281    >Mm.13694  391        0.5674239 0.950908  -0.574657 0.574657
282    >Mm.334861 520        0.5885359 0.950908  -0.5725   0.5725
283    >Mm.761    459        0.589056  0.950908  -0.572152 0.572152
284    >Mm.375534 397        0.5714043 0.950908  -0.570687 0.570687
285    >Mm.16563  92         0.5690541 0.950908  -0.570577 0.570577
286    >Mm.291624 22         0.5848106 0.950908  0.56922   0.56922
287    >Mm.182359 270        0.5863007 0.950908  0.562621  0.562621
288    >Mm.7286   18         0.5954316 0.950908  -0.562576 0.562576
289    >Mm.21175  516        0.5813202 0.950908  0.55844   0.55844
290    >Mm.28771  325        0.5875058 0.950908  -0.553963 0.553963
291    >Mm.303924 673        0.5888709 0.950908  0.547146  0.547146
292    >Mm.257181 191        0.5966617 0.950908  -0.546183 0.546183
293    >Mm.20396  657        0.599607  0.950908  -0.545156 0.545156
294    >Mm.280231 241        0.5986069 0.950908  0.539789  0.539789
295    >Mm.37801  319        0.6046974 0.950908  -0.537557 0.537557
296    >Mm.256034 178        0.6115331 0.950908  -0.536171 0.536171
297    >Mm.142843 159        0.6157285 0.950908  -0.534463 0.534463
298    >Mm.6239   301        0.6012471 0.950908  0.53166   0.53166
299    >Mm.9002   509        0.6037674 0.950908  -0.531197 0.531197
300    >Mm.282092 539        0.6121182 0.950908  0.529744  0.529744
301    >Mm.43081  383        0.6016072 0.950908  -0.528467 0.528467
302    >Mm.2310   494        0.6051625 0.950908  -0.526506 0.526506
303    >Mm.272826 536        0.6035323 0.950908  0.524107  0.524107
304    >Mm.360019 626        0.6110731 0.950908  0.522738  0.522738
305    >Mm.251356 590        0.6059426 0.950908  -0.521369 0.521369
306    >Mm.215971 320        0.6223891 0.950908  0.519721  0.519721
307    >Mm.290251 288        0.6170336 0.950908  0.519291  0.519291
308    >Mm.197568 482        0.6190588 0.950908  0.510682  0.510682
309    >Mm.268004 512        0.6167736 0.950908  0.509508  0.509508
310    >Mm.971    525        0.6184888 0.950908  -0.505016 0.505016
311    >Mm.236438 522        0.6248044 0.950908  0.503035  0.503035
312    >Mm.197486 110        0.6240293 0.950908  -0.50023  0.50023
313    >Mm.42162  446        0.6289297 0.950908  0.499497  0.499497
314    >Mm.16422  179        0.6221041 0.950908  -0.498301 0.498301
315    >Mm.275901 390        0.6246143 0.950908  0.498144  0.498144
316    >Mm.33483  322        0.6280697 0.950908  -0.491437 0.491437
317    >Mm.41593  433        0.6272246 0.950908  0.4887    0.4887
318    >Mm.7916   589        0.631655  0.950908  -0.48803  0.48803
319    >Mm.24521  141        0.6309399 0.950908  -0.48552  0.48552
320    >Mm.4619   644        0.631475  0.950908  -0.483694 0.483694
321    >Mm.193096 82         0.5106635 0.9477062 -0.891    0.891
322    >Mm.12917  338        0.4927268 0.9477062 -0.775559 0.775559
323    >Mm.29344  89         0.494292  0.9477062 -0.744546 0.744546
324    >Mm.29733  537        0.4748401 0.9477062 -0.734664 0.734664
325    >Mm.36241  272        0.4817258 0.9477062 0.720077  0.720077
326    >Mm.4347   461        0.4833459 0.9477062 0.717708  0.717708
327    >Mm.22795  694        0.4930918 0.9477062 -0.716998 0.716998
328    >Mm.22776  98         0.4814007 0.9477062 0.715818  0.715818
329    >Mm.29564  240        0.4797306 0.9477062 -0.715545 0.715545
330    >Mm.154378 53         0.4919517 0.9477062 -0.712392 0.712392
331    >Mm.16716  111        0.484041  0.9477062 0.709233  0.709233
332    >Mm.14644  606        0.4857661 0.9477062 0.703553  0.703553
333    >Mm.249096 76         0.4906016 0.9477062 -0.700694 0.700694
334    >Mm.157105 171        0.4916067 0.9477062 0.700286  0.700286
335    >Mm.308296 542        0.4921318 0.9477062 0.697608  0.697608
336    >Mm.3991   629        0.5021477 0.9477062 -0.694081 0.694081
337    >Mm.329078 676        0.5020377 0.9477062 0.691086  0.691086
338    >Mm.296487 268        0.4965472 0.9477062 0.690101  0.690101
339    >Mm.1810   628        0.495162  0.9477062 -0.685907 0.685907
340    >Mm.300225 613        0.5037529 0.9477062 0.685606  0.685606
341    >Mm.302496 630        0.5029128 0.9477062 -0.682651 0.682651
342    >Mm.806    331        0.5095434 0.9477062 0.680293  0.680293
343    >Mm.3555   168        0.5007826 0.9477062 0.679522  0.679522
344    >Mm.32020  576        0.5058031 0.9477062 0.673614  0.673614
345    >Mm.246237 452        0.5059831 0.9477062 0.673365  0.673365
346    >Mm.288064 620        0.5068782 0.9477062 0.672851  0.672851
347    >Mm.1296   523        0.5078132 0.9477062 0.669117  0.669117
348    >Mm.1639   592        0.5107235 0.9477062 0.662393  0.662393
349    >Mm.254134 393        0.4705247 0.9454241 -0.80271  0.80271
350    >Mm.307906 671        0.4688745 0.9454241 0.735809  0.735809
351    >Mm.333380 424        0.4704147 0.9454241 -0.728151 0.728151
352    >Mm.103711 70         0.4713498 0.9454241 0.725603  0.725603
353    >Mm.289516 91         0.4599187 0.9435745 -0.832526 0.832526
354    >Mm.184163 209        0.4626139 0.9435745 -0.802945 0.802945
355    >Mm.182912 112        0.4572234 0.9435745 -0.769081 0.769081
356    >Mm.3458   678        0.4642141 0.9435745 0.766955  0.766955
357    >Mm.17932  429        0.4649892 0.9435745 0.752709  0.752709
358    >Mm.4222   130        0.4610338 0.9435745 -0.74064  0.74064
359    >Mm.266767 395        0.4640291 0.9435745 0.739576  0.739576
360    >Mm.287173 547        0.3339667 0.9423136 1.13761   1.13761
361    >Mm.27218  57         0.3513434 0.9423136 -1.105567 1.105567
362    >Mm.158868 197        0.3037039 0.9423136 -1.049691 1.049691
363    >Mm.282863 102        0.3018937 0.9423136 1.048791  1.048791
364    >Mm.281691 462        0.3186453 0.9423136 1.046045  1.046045
365    >Mm.27582  125        0.3488581 0.9423136 -1.038868 1.038868
366    >Mm.371607 650        0.3107545 0.9423136 1.038465  1.038465
367    >Mm.26032  218        0.3067991 0.9423136 -1.037809 1.037809
368    >Mm.3360   220        0.3551187 0.9423136 -1.037014 1.037014
369    >Mm.289900 78         0.3074642 0.9423136 -1.036145 1.036145
370    >Mm.182628 250        0.3191603 0.9423136 -1.035822 1.035822
371    >Mm.41687  655        0.3972177 0.9423136 1.035138  1.035138
372    >Mm.3468   454        0.3146099 0.9423136 -1.027819 1.027819
373    >Mm.22565  20         0.3428976 0.9423136 -1.014213 1.014213
374    >Mm.248046 607        0.347018  0.9423136 -1.01321  1.01321
375    >Mm.196345 434        0.3173702 0.9423136 -1.010706 1.010706
376    >Mm.232728 17         0.3186303 0.9423136 -1.006518 1.006518
377    >Mm.329123 377        0.3189603 0.9423136 1.00487   1.00487
378    >Mm.544    369        0.3312015 0.9423136 0.99654   0.99654
379    >Mm.277498 7          0.3695601 0.9423136 -0.994265 0.994265
380    >Mm.29133  633        0.3426526 0.9423136 -0.991335 0.991335
381    >Mm.9114   549        0.3391922 0.9423136 0.982486  0.982486
382    >Mm.29827  187        0.3386772 0.9423136 0.980499  0.980499
383    >Mm.217318 215        0.3551437 0.9423136 0.977898  0.977898
384    >Mm.37371  314        0.4043284 0.9423136 0.975675  0.975675
385    >Mm.16110  408        0.337227  0.9423136 0.974727  0.974727
386    >Mm.9593   113        0.337087  0.9423136 -0.973919 0.973919
387    >Mm.271974 649        0.3467029 0.9423136 0.964519  0.964519
388    >Mm.290447 52         0.3623844 0.9423136 -0.962302 0.962302
389    >Mm.261679 109        0.3449778 0.9423136 0.958701  0.958701
390    >Mm.194462 508        0.3490782 0.9423136 -0.956498 0.956498
391    >Mm.2565   135        0.3553638 0.9423136 -0.953807 0.953807
392    >Mm.1541   568        0.3520884 0.9423136 0.953198  0.953198
393    >Mm.321654 577        0.347173  0.9423136 -0.953182 0.953182
394    >Mm.7271   480        0.3485631 0.9423136 -0.952653 0.952653
395    >Mm.207678 50         0.3523685 0.9423136 -0.951085 0.951085
396    >Mm.323213 305        0.3505533 0.9423136 -0.950321 0.950321
397    >Mm.139314 439        0.3486381 0.9423136 0.950048  0.950048
398    >Mm.327543 1          0.3883019 0.9423136 -0.949597 0.949597
399    >Mm.280069 81         0.3809212 0.9423136 0.949135  0.949135
400    >Mm.196544 205        0.3868317 0.9423136 -0.939593 0.939593
401    >Mm.333406 231        0.3632695 0.9423136 -0.935642 0.935642
402    >Mm.1682   643        0.3549437 0.9423136 -0.934081 0.934081
403    >Mm.238254 355        0.358324  0.9423136 0.933955  0.933955
404    >Mm.57175  225        0.3596192 0.9423136 0.927721  0.927721
405    >Mm.2238   499        0.3672299 0.9423136 -0.922363 0.922363
406    >Mm.149235 647        0.368825  0.9423136 0.919567  0.919567
407    >Mm.291311 73         0.3677199 0.9423136 0.918943  0.918943
408    >Mm.23526  560        0.3744756 0.9423136 -0.917851 0.917851
409    >Mm.293378 420        0.3674949 0.9423136 -0.917758 0.917758
410    >Mm.10265  5          0.3918572 0.9423136 -0.91759  0.91759
411    >Mm.5061   392        0.3696051 0.9423136 0.915815  0.915815
412    >Mm.119177 138        0.3758307 0.9423136 -0.913559 0.913559
413    >Mm.254704 65         0.3659698 0.9423136 -0.913076 0.913076
414    >Mm.218561 573        0.3690501 0.9423136 0.912047  0.912047
415    >Mm.36666  201        0.3712903 0.9423136 -0.908376 0.908376
416    >Mm.22745  535        0.3699151 0.9423136 0.90701   0.90701
417    >Mm.142253 356        0.3746056 0.9423136 0.905374  0.905374
418    >Mm.182145 64         0.3763808 0.9423136 0.905243  0.905243
419    >Mm.182785 428        0.3727204 0.9423136 0.902926  0.902926
420    >Mm.14092  513        0.3746356 0.9423136 0.902473  0.902473
421    >Mm.289387 12         0.378796  0.9423136 -0.900592 0.900592
422    >Mm.22665  41         0.3753657 0.9423136 0.900358  0.900358
423    >Mm.332336 410        0.3827264 0.9423136 0.89833   0.89833
424    >Mm.7044   472        0.4073037 0.9423136 -0.896476 0.896476
425    >Mm.2679   86         0.4043584 0.9423136 0.892542  0.892542
426    >Mm.61206  514        0.3801661 0.9423136 0.883588  0.883588
427    >Mm.287178 196        0.3965327 0.9423136 0.881976  0.881976
428    >Mm.288159 587        0.3922923 0.9423136 -0.881146 0.881146
429    >Mm.3862   137        0.4032133 0.9423136 0.876405  0.876405
430    >Mm.382    10         0.4224001 0.9423136 -0.869595 0.869595
431    >Mm.236300 670        0.3924223 0.9423136 -0.86645  0.86645
432    >Mm.180356 158        0.4019882 0.9423136 -0.863372 0.863372
433    >Mm.8911   2          0.4023682 0.9423136 0.862242  0.862242
434    >Mm.37289  284        0.3987129 0.9423136 -0.8615   0.8615
435    >Mm.294315 300        0.4537831 0.9423136 0.860817  0.860817
436    >Mm.1458   267        0.4233102 0.9423136 0.855059  0.855059
437    >Mm.290116 467        0.4055635 0.9423136 -0.852164 0.852164
438    >Mm.26625  193        0.4168146 0.9423136 0.845424  0.845424
439    >Mm.27560  310        0.4051085 0.9423136 0.842321  0.842321
440    >Mm.273174 582        0.4033633 0.9423136 0.841826  0.841826
441    >Mm.266888 473        0.4119841 0.9423136 -0.835523 0.835523
442    >Mm.296169 165        0.4166196 0.9423136 -0.834527 0.834527
443    >Mm.290431 541        0.4548632 0.9423136 0.834455  0.834455
444    >Mm.281356 131        0.4191948 0.9423136 -0.828975 0.828975
445    >Mm.4337   440        0.4472975 0.9423136 -0.827762 0.827762
446    >Mm.14638  373        0.4118991 0.9423136 0.827503  0.827503
447    >Mm.15969  588        0.4455323 0.9423136 -0.825481 0.825481
448    >Mm.97885  504        0.4158245 0.9423136 -0.824933 0.824933
449    >Mm.12144  624        0.4497227 0.9423136 -0.824511 0.824511
450    >Mm.265347 79         0.4201599 0.9423136 -0.824457 0.824457
451    >Mm.27372  19         0.4268606 0.9423136 -0.823245 0.823245
452    >Mm.29965  384        0.4410219 0.9423136 0.821043  0.821043
453    >Mm.30010  282        0.4299108 0.9423136 -0.818882 0.818882
454    >Mm.87312  688        0.4272456 0.9423136 0.810144  0.810144
455    >Mm.89579  221        0.4468825 0.9423136 0.804263  0.804263
456    >Mm.138749 591        0.4255654 0.9423136 0.803601  0.803601
457    >Mm.227583 438        0.4297408 0.9423136 -0.803424 0.803424
458    >Mm.4387   458        0.4306559 0.9423136 -0.802185 0.802185
459    >Mm.213408 403        0.4284607 0.9423136 -0.799958 0.799958
460    >Mm.3960   601        0.431561  0.9423136 0.797745  0.797745
461    >Mm.1248   453        0.4469125 0.9423136 0.797328  0.797328
462    >Mm.1773   334        0.4328361 0.9423136 0.795915  0.795915
463    >Mm.30205  49         0.4378016 0.9423136 0.794134  0.794134
464    >Mm.285453 476        0.4358064 0.9423136 0.793027  0.793027
465    >Mm.30169  173        0.4370815 0.9423136 0.791115  0.791115
466    >Mm.356689 370        0.4491727 0.9423136 -0.790973 0.790973
467    >Mm.358570 490        0.4353064 0.9423136 0.790815  0.790815
468    >Mm.30012  163        0.4474025 0.9423136 -0.787708 0.787708
469    >Mm.5079   543        0.4456373 0.9423136 -0.786035 0.786035
470    >Mm.7906   283        0.4385767 0.9423136 -0.783222 0.783222
471    >Mm.347369 653        0.4486826 0.9423136 0.779346  0.779346
472    >Mm.20445  124        0.452488  0.9423136 -0.776671 0.776671
473    >Mm.252514 554        0.4519729 0.9423136 0.761378  0.761378
474    >Mm.340135 127        0.2991234 0.9393287 -1.045965 1.045965
475    >Mm.29431  353        0.2967632 0.9386453 1.113694  1.113694
476    >Mm.28659  256        0.2884674 0.9386453 -1.09992  1.09992
477    >Mm.290044 326        0.2955981 0.9386453 -1.099764 1.099764
478    >Mm.340315 8          0.2892575 0.9386453 -1.092996 1.092996
479    >Mm.26633  258        0.2927128 0.9386453 1.070097  1.070097
480    >Mm.259751 468        0.2931629 0.9386453 1.064919  1.064919
481    >Mm.18625  273        0.2958381 0.9386453 1.064868  1.064868
482    >Mm.29159  263        0.2952981 0.9386453 1.06068   1.06068
483    >Mm.177724 544        0.2975533 0.9386453 1.05274   1.05274
484    >Mm.361272 211        0.2820918 0.9307227 -1.094652 1.094652
485    >Mm.20931  279        0.2829719 0.9307227 1.090727  1.090727
486    >Mm.245522 32         0.2726259 0.9276075 1.134896  1.134896
487    >Mm.272930 648        0.273626  0.9276075 1.10654   1.10654
488    >Mm.29821  315        0.2783114 0.9276075 1.102456  1.102456
489    >Mm.203556 451        0.2773814 0.9276075 1.101471  1.101471
490    >Mm.28756  686        0.2793515 0.9276075 -1.100984 1.100984
491    >Mm.29898  385        0.2771913 0.9276075 1.098986  1.098986
492    >Mm.301827 599        0.2790815 0.9276075 1.096755  1.096755
493    >Mm.34564  344        0.2447282 0.9250834 -1.414338 1.414338
494    >Mm.329816 189        0.2592746 0.9250834 -1.260829 1.260829
495    >Mm.255723 603        0.2510338 0.9250834 -1.248397 1.248397
496    >Mm.303534 175        0.2400528 0.9250834 -1.248254 1.248254
497    >Mm.30087  679        0.2327321 0.9250834 1.226717  1.226717
498    >Mm.289832 311        0.2380576 0.9250834 -1.222035 1.222035
499    >Mm.287740 532        0.2343073 0.9250834 -1.211561 1.211561
500    >Mm.314721 498        0.2405279 0.9250834 1.206355  1.206355
501    >Mm.258352 529        0.2430531 0.9250834 1.200409  1.200409
502    >Mm.1514   123        0.2506238 0.9250834 -1.194469 1.194469
503    >Mm.263639 639        0.2412479 0.9250834 1.191559  1.191559
504    >Mm.30250  122        0.252564  0.9250834 -1.191526 1.191526
505    >Mm.141864 226        0.2574845 0.9250834 -1.190443 1.190443
506    >Mm.332844 565        0.2454483 0.9250834 1.185561  1.185561
507    >Mm.317575 248        0.2639701 0.9250834 -1.171481 1.171481
508    >Mm.7723   34         0.2534891 0.9250834 -1.169871 1.169871
509    >Mm.277599 456        0.2471385 0.9250834 -1.167499 1.167499
510    >Mm.28551  44         0.2535541 0.9250834 -1.1658   1.1658
511    >Mm.1231   188        0.2570244 0.9250834 -1.162294 1.162294
512    >Mm.29709  674        0.2500288 0.9250834 1.162207  1.162207
513    >Mm.12677  199        0.2565444 0.9250834 -1.155295 1.155295
514    >Mm.21160  71         0.2583445 0.9250834 -1.15175  1.15175
515    >Mm.7248   394        0.2637301 0.9250834 1.15015   1.15015
516    >Mm.300716 307        0.2640401 0.9250834 1.140913  1.140913
517    >Mm.39300  247        0.2652852 0.9250834 -1.140719 1.140719
518    >Mm.26587  632        0.263275  0.9250834 -1.139156 1.139156
519    >Mm.322945 358        0.2682455 0.9250834 1.125155  1.125155
520    >Mm.283217 195        0.2692606 0.9250834 1.124395  1.124395
521    >Mm.29405  455        0.2689255 0.9250834 1.120111  1.120111
522    >Mm.243024 103        0.2302519 0.9236694 1.223387  1.223387
523    >Mm.271877 167        0.2295168 0.9236694 1.2213    1.2213
524    >Mm.260647 237        0.189878  0.9202868 1.339013  1.339013
525    >Mm.280125 271        0.1902981 0.9202868 1.338217  1.338217
526    >Mm.296985 104        0.1910732 0.9202868 1.337903  1.337903
527    >Mm.5140   667        0.189543  0.9202868 -1.32973  1.32973
528    >Mm.270295 323        0.1989939 0.9202868 -1.323326 1.323326
529    >Mm.319349 313        0.2070297 0.9202868 1.321429  1.321429
530    >Mm.12459  203        0.1955836 0.9202868 1.318328  1.318328
531    >Mm.123366 254        0.2015741 0.9202868 1.313062  1.313062
532    >Mm.18705  656        0.1993889 0.9202868 1.31203   1.31203
533    >Mm.284891 580        0.1991939 0.9202868 -1.307536 1.307536
534    >Mm.311549 627        0.1987239 0.9202868 -1.306623 1.306623
535    >Mm.3874   262        0.1882729 0.9202868 1.297401  1.297401
536    >Mm.7472   42         0.2073047 0.9202868 -1.297268 1.297268
537    >Mm.833    213        0.2043444 0.9202868 -1.292943 1.292943
538    >Mm.296520 60         0.2064996 0.9202868 -1.290543 1.290543
539    >Mm.102205 297        0.2138603 0.9202868 1.288324  1.288324
540    >Mm.347915 402        0.2091249 0.9202868 -1.287923 1.287923
541    >Mm.275127 96         0.2055645 0.9202868 1.283876  1.283876
542    >Mm.220885 579        0.2122652 0.9202868 -1.281757 1.281757
543    >Mm.280842 128        0.2077797 0.9202868 -1.279853 1.279853
544    >Mm.271898 417        0.2227762 0.9202868 1.277588  1.277588
545    >Mm.435    329        0.210915  0.9202868 1.274229  1.274229
546    >Mm.22252  200        0.2267565 0.9202868 -1.267972 1.267972
547    >Mm.20188  690        0.2156205 0.9202868 -1.267246 1.267246
548    >Mm.21109  74         0.2218661 0.9202868 1.260161  1.260161
549    >Mm.290126 223        0.2187908 0.9202868 1.259101  1.259101
550    >Mm.245577 583        0.2202509 0.9202868 1.249963  1.249963
551    >Mm.28375  265        0.221416  0.9202868 1.24704   1.24704
552    >Mm.21549  661        0.2259465 0.9202868 1.242851  1.242851
553    >Mm.2632   416        0.2262965 0.9202868 1.241662  1.241662
554    >Mm.369977 336        0.2266315 0.9202868 -1.229267 1.229267
555    >Mm.22264  6          0.2265065 0.9202868 1.228004  1.228004
556    >Mm.30438  100        0.1420585 0.9102999 -1.49849  1.49849
557    >Mm.3295   677        0.1440137 0.9102999 -1.487234 1.487234
558    >Mm.12758  346        0.1510343 0.9102999 1.483803  1.483803
559    >Mm.288606 31         0.1453288 0.9102999 1.48094   1.48094
560    >Mm.2608   368        0.15775   0.9102999 1.473351  1.473351
561    >Mm.2923   316        0.1507543 0.9102999 -1.467953 1.467953
562    >Mm.241714 181        0.1479591 0.9102999 1.465542  1.465542
563    >Mm.33721  345        0.1644656 0.9102999 -1.464648 1.464648
564    >Mm.3303   640        0.1678559 0.9102999 1.463618  1.463618
565    >Mm.4691   564        0.1514094 0.9102999 -1.461676 1.461676
566    >Mm.4881   636        0.1761667 0.9102999 -1.458832 1.458832
567    >Mm.263862 684        0.1611453 0.9102999 1.452793  1.452793
568    >Mm.38792  281        0.1563299 0.9102999 -1.451865 1.451865
569    >Mm.277408 3          0.1603202 0.9102999 1.4495    1.4495
570    >Mm.44207  399        0.1551147 0.9102999 1.449443  1.449443
571    >Mm.1593   680        0.1588851 0.9102999 -1.439586 1.439586
572    >Mm.2614   604        0.1770368 0.9102999 -1.439361 1.439361
573    >Mm.278467 500        0.1629455 0.9102999 1.438943  1.438943
574    >Mm.4719   563        0.1570149 0.9102999 -1.429468 1.429468
575    >Mm.49074  600        0.1663058 0.9102999 1.42496   1.42496
576    >Mm.12508  99         0.1610703 0.9102999 -1.424201 1.424201
577    >Mm.205996 33         0.1657257 0.9102999 1.413859  1.413859
578    >Mm.44174  4          0.1809472 0.9102999 1.404397  1.404397
579    >Mm.245357 48         0.1747116 0.9102999 1.389097  1.389097
580    >Mm.993    244        0.1761017 0.9102999 1.388744  1.388744
581    >Mm.259852 306        0.1750366 0.9102999 1.382814  1.382814
582    >Mm.285969 58         0.179332  0.9102999 -1.370583 1.370583
583    >Mm.255909 551        0.1807772 0.9102999 -1.369075 1.369075
584    >Mm.172720 285        0.1809072 0.9102999 1.365968  1.365968
585    >Mm.3894   147        0.1815172 0.9102999 1.363924  1.363924
586    >Mm.315292 682        0.1822673 0.9102999 1.360888  1.360888
587    >Mm.236449 63         0.1823223 0.9102999 -1.3537   1.3537
588    >Mm.21899  423        0.1233817 0.904556  -1.744598 1.744598
589    >Mm.329277 276        0.0920887 0.904556  -1.744121 1.744121
590    >Mm.4054   569        0.0910637 0.904556  1.736977  1.736977
591    >Mm.265744 464        0.0934739 0.904556  1.715798  1.715798
592    >Mm.172    230        0.104875  0.904556  -1.714923 1.714923
593    >Mm.29346  342        0.0958041 0.904556  -1.703099 1.703099
594    >Mm.244705 559        0.1031648 0.904556  -1.69365  1.69365
595    >Mm.276092 293        0.1008896 0.904556  1.687312  1.687312
596    >Mm.334031 348        0.10568   0.904556  1.685361  1.685361
597    >Mm.259103 194        0.0993494 0.904556  1.680369  1.680369
598    >Mm.272582 552        0.1079803 0.904556  -1.677366 1.677366
599    >Mm.170983 321        0.1059251 0.904556  1.672275  1.672275
600    >Mm.273538 295        0.1074152 0.904556  1.657951  1.657951
601    >Mm.41489  517        0.1076152 0.904556  1.65427   1.65427
602    >Mm.247620 578        0.1072202 0.904556  -1.649205 1.649205
603    >Mm.10528  668        0.1106205 0.904556  -1.646028 1.646028
604    >Mm.297078 448        0.1222666 0.904556  1.64208   1.64208
605    >Mm.145091 56         0.1101605 0.904556  -1.639604 1.639604
606    >Mm.4587   412        0.1121307 0.904556  -1.637212 1.637212
607    >Mm.1408   208        0.1130107 0.904556  -1.625076 1.625076
608    >Mm.7013   38         0.1139458 0.904556  1.620025  1.620025
609    >Mm.371610 210        0.1274721 0.904556  1.61215   1.61215
610    >Mm.21976  571        0.1203314 0.904556  1.601932  1.601932
611    >Mm.260220 487        0.1339127 0.904556  1.598744  1.598744
612    >Mm.122466 450        0.1308774 0.904556  1.585645  1.585645
613    >Mm.251890 182        0.1244718 0.904556  1.578558  1.578558
614    >Mm.330700 659        0.126647  0.904556  -1.571548 1.571548
615    >Mm.24216  257        0.125877  0.904556  1.56915   1.56915
616    >Mm.200373 118        0.126382  0.904556  -1.561118 1.561118
617    >Mm.22957  62         0.1345928 0.904556  -1.557004 1.557004
618    >Mm.335252 28         0.1374431 0.904556  -1.55232  1.55232
619    >Mm.688    363        0.1312625 0.904556  -1.552096 1.552096
620    >Mm.292208 114        0.1272571 0.904556  -1.541158 1.541158
621    >Mm.319697 25         0.1326426 0.904556  1.540387  1.540387
622    >Mm.1243   646        0.1304974 0.904556  -1.539145 1.539145
623    >Mm.276367 665        0.1380431 0.904556  -1.528827 1.528827
624    >Mm.275003 343        0.1383681 0.904556  1.528206  1.528206
625    >Mm.300594 277        0.1343078 0.904556  1.52741   1.52741
626    >Mm.25709  581        0.1348178 0.904556  1.524626  1.524626
627    >Mm.2661   296        0.1394632 0.904556  1.51808   1.51808
628    >Mm.359796 23         0.0779574 0.8657178 -1.884485 1.884485
629    >Mm.3158   308        0.0800126 0.8657178 1.863758  1.863758
630    >Mm.375373 401        0.0833079 0.8657178 -1.828089 1.828089
631    >Mm.28465  574        0.0768473 0.8657178 1.809068  1.809068
632    >Mm.399    387        0.0794876 0.8657178 -1.806515 1.806515
633    >Mm.278783 46         0.0805126 0.8657178 -1.784554 1.784554
634    >Mm.235538 425        0.0835779 0.8657178 1.777601  1.777601
635    >Mm.331208 324        0.0816228 0.8657178 -1.749872 1.749872
636    >Mm.9086   69         0.0727819 0.8561127 -1.840344 1.840344
637    >Mm.307846 465        0.0694566 0.8407173 -1.973504 1.973504
638    >Mm.18556  625        0.0700967 0.8407173 -1.875512 1.875512
639    >Mm.22682  361        0.0702617 0.8407173 -1.857302 1.857302
640    >Mm.182434 280        0.0696716 0.8407173 -1.814119 1.814119
641    >Mm.29020  292        0.063616  0.8290875 1.990073  1.990073
642    >Mm.337232 641        0.0593106 0.8290875 -1.960413 1.960413
643    >Mm.29508  477        0.0612858 0.8290875 1.934497  1.934497
644    >Mm.878    617        0.0602157 0.8290875 1.907434  1.907434
645    >Mm.23825  216        0.0645111 0.8290875 1.883414  1.883414
646    >Mm.288179 489        0.0639961 0.8290875 -1.850002 1.850002
647    >Mm.44213  672        0.0568854 0.8224681 -1.974016 1.974016
648    >Mm.36718  421        0.0568204 0.8224681 1.947776  1.947776
649    >Mm.4215   379        0.052245  0.8130379 -2.050788 2.050788
650    >Mm.4538   84         0.0519449 0.8130379 -2.026688 2.026688
651    >Mm.331964 652        0.0538101 0.8130379 2.003425  2.003425
652    >Mm.24042  524        0.0538901 0.8130379 -1.990943 1.990943
653    >Mm.335237 540        0.0462144 0.7636378 -2.208019 2.208019
654    >Mm.331182 47         0.0441442 0.7636378 -2.198027 2.198027
655    >Mm.1500   278        0.042314  0.7636378 -2.155159 2.155159
656    >Mm.45815  139        0.0430591 0.7636378 -2.129746 2.129746
657    >Mm.873    442        0.0453793 0.7636378 -2.087651 2.087651
658    >Mm.29891  642        0.0458094 0.7636378 2.073598  2.073598
659    >Mm.243323 333        0.0437292 0.7636378 -2.060244 2.060244
660    >Mm.39487  486        0.0449593 0.7636378 -2.056173 2.056173
661    >Mm.2442   411        0.0359934 0.7539802 -2.188435 2.188435
662    >Mm.339755 192        0.0369385 0.7539802 -2.114818 2.114818
663    >Mm.2580   143        0.0342583 0.7429759 -2.289463 2.289463
664    >Mm.2381   238        0.031918  0.7264184 -2.299917 2.299917
665    >Mm.368524 614        0.0291378 0.7264184 -2.260848 2.260848
666    >Mm.10214  510        0.0321681 0.7264184 -2.255818 2.255818
667    >Mm.274816 309        0.031068  0.7264184 2.249667  2.249667
668    >Mm.203    239        0.032043  0.7264184 2.242223  2.242223
669    >Mm.332317 27         0.031498  0.7264184 2.241373  2.241373
670    >Mm.328673 61         0.0324481 0.7264184 -2.21622  2.21622
671    >Mm.14816  398        0.0247173 0.7147433 2.334588  2.334588
672    >Mm.20144  327        0.0231972 0.7025154 -2.343708 2.343708
673    >Mm.27903  608        0.0232822 0.7025154 -2.34104  2.34104
674    >Mm.280068 362        0.0195669 0.6466381 2.533694  2.533694
675    >Mm.30195  16         0.0154015 0.6394082 -2.626382 2.626382
676    >Mm.20858  638        0.0144414 0.6394082 2.58053   2.58053
677    >Mm.2044   253        0.0157715 0.6394082 2.522833  2.522833
678    >Mm.5048   144        0.0181817 0.6394082 2.479263  2.479263
679    >Mm.168    204        0.0181817 0.6394082 -2.459024 2.459024
680    >Mm.350193 243        0.0184268 0.6394082 2.452843  2.452843
681    >Mm.288381 251        0.0123912 0.6258987 -2.653484 2.653484
682    >Mm.321701 206        0.0126262 0.6258987 2.652039  2.652039
683    >Mm.249225 360        0.010781  0.6235026 -2.718576 2.718576
684    >Mm.38344  148        0.0068206 0.5192875 2.850217  2.850217
685    >Mm.29702  83         0.0081658 0.5192875 2.796268  2.796268
686    >Mm.373606 217        0.0082308 0.5192875 -2.788514 2.788514
687    >Mm.25848  491        0.0032853 0.4402981 -3.179814 3.179814
688    >Mm.4261   366        0.0041054 0.4402981 3.094097  3.094097
689    >Mm.376881 97         0.0046954 0.4402981 -2.985226 2.985226
690    >Mm.338476 146        0.0050755 0.4402981 2.886013  2.886013
691    >Mm.246911 302        0.0016552 0.3149324 3.369081  3.369081
692    >Mm.330986 108        0.0018152 0.3149324 -3.306563 3.306563
693    >Mm.2651   431        0.0006251 0.2168956 -3.784779 3.784779
694    >Mm.2160   506        0.00011   0.0763473 -4.385995 4.385995
