Age	Loc	v1	v2
33	B	-1.39	3
60	A	0.22	2
40	A	-1.78	1
48	C	-0.06	1
47	C	-1.42	0
22	B	-0.18	1
28	A	-1.54	4
58	A	0.07	0
51	B	-0.12	1
27	C	0.35	1
29	C	-1.47	1
42	A	0.63	4
59	A	-0.72	3
50	C	-1.05	1
37	B	-1.26	2
43	A	-1.47	3
57	B	-1.3	1
38	C	0.69	2
25	B	-2.06	2
41	B	0.09	2
25	C	-1.12	2
27	A	-2.22	1
54	C	1.45	0
34	C	1.46	2
40	B	1.28	0
26	A	0.81	2
35	A	-0.5	0
48	C	-0.45	2
57	C	-0.87	3
41	C	-0.34	1
22	B	-0.99	2
56	C	0.81	1
47	A	-1.65	1
27	B	0.44	3
35	B	1.51	2
24	A	1.7	3
39	A	1.75	2
26	B	-0.49	2
21	B	-0.37	1
29	C	0.22	3
22	C	1.36	0
32	A	2.28	2
47	C	-2.49	3
45	B	-1.11	3
37	A	-0.36	3
41	B	0.61	2
20	B	-1.28	2
42	A	-0.54	3
52	C	0.11	2
36	B	-0.39	2
29	C	0.31	2
45	C	2.02	2
36	A	-2.49	1
60	C	1.58	2
47	A	-0.49	3
22	C	1.55	4
53	B	-1.49	0
56	A	-1.69	4
52	B	-1.4	2
45	B	0.03	2
47	C	-0.88	1
44	B	-0.6	3
32	B	-1.21	2
21	C	-1.22	3
47	C	-0.58	1
40	C	0.65	0
60	A	0.87	3
26	C	0.11	3
20	A	-0.34	4
34	C	-0.15	2
56	A	-1.32	3
44	B	-0.59	2
56	C	-1.08	1
25	A	-0.76	2
57	A	0.5	2
42	B	0.08	2
52	C	0.88	2
37	C	-1.39	0
54	B	-1.66	1
30	A	0.9	3
58	B	0.28	1
25	A	0.24	3
59	B	0.35	2
50	C	-1.25	1
53	C	-0.56	1
49	B	-1.5	3
42	C	-0.68	2
38	C	-1.28	2
46	A	-0.76	2
25	C	-0.67	2
26	C	1.24	3
53	C	0.56	1
23	A	-0.73	2
43	B	0.71	3
43	B	0.12	2
